74	58	18	97	95	30	7	84	13	91	98	24	17	86	89
97	63	26	12	6	96	81	85	90	11	15	77	77	63	64
60	23	68	28	39	60	9	44	44	89	85	100	22	78	88
28	95	28	41	19	2	57	93	8	11	96	63	68	78	28
64	46	29	43	91	82	81	58	16	50	98	33	68	10	15
63	4	73	53	84	92	55	44	43	74	71	23	76	27	61
27	86	21	15	31	33	47	7	88	79	77	44	73	94	47
63	1	4	90	6	32	26	74	6	6	50	78	94	37	79
60	33	37	95	54	97	77	68	56	10	88	64	57	34	36
9	96	82	48	18	49	50	93	62	21	21	60	94	39	80
53	19	68	36	90	81	39	57	90	4	63	93	87	27	11
26	18	33	61	82	96	80	76	63	80	3	75	75	9	19
13	84	73	76	2	53	12	18	15	22	14	94	6	89	34
96	18	72	71	50	63	43	14	16	29	41	71	91	41	9
47	40	25	18	35	70	10	31	77	34	26	89	62	36	86